(0, 0, 0, 0, 0)
toils
(0, 0, 0, 0, 1)
spilt
(0, 0, 0, 0, 2)
sloth
(0, 0, 0, 1, 0)
snout
(0, 0, 0, 1, 1)
dolts
(0, 0, 0, 1, 2)
gouts
(0, 0, 0, 2, 0)
gouts
(0, 0, 0, 2, 1)
spent
(0, 0, 0, 2, 2)
shone
(0, 0, 1, 0, 0)
tails
(0, 0, 1, 0, 1)
malts
(0, 0, 1, 0, 2)
mauls
(0, 0, 1, 1, 0)
dolts
(0, 0, 1, 1, 1)
laden
(0, 0, 1, 1, 2)
ankle
(0, 0, 1, 2, 0)
gains
(0, 0, 1, 2, 1)
agent
(0, 0, 1, 2, 2)
alone
(0, 0, 2, 0, 0)
plots
(0, 0, 2, 0, 1)
shalt
(0, 0, 2, 0, 2)
sloth
(0, 0, 2, 1, 0)
snail
(0, 0, 2, 1, 1)

(0, 0, 2, 1, 2)
snake
(0, 0, 2, 2, 0)
gulps
(0, 0, 2, 2, 1)
balms
(0, 0, 2, 2, 2)
plane
(0, 1, 0, 0, 0)
shout
(0, 1, 0, 0, 1)
tiros
(0, 1, 0, 0, 2)
worst
(0, 1, 0, 1, 0)
thorn
(0, 1, 0, 1, 1)
inner
(0, 1, 0, 1, 2)
rinse
(0, 1, 0, 2, 0)
burns
(0, 1, 0, 2, 1)
ferns
(0, 1, 0, 2, 2)
borne
(0, 1, 1, 0, 0)
tyros
(0, 1, 1, 0, 1)
satyr
(0, 1, 1, 0, 2)
barge
(0, 1, 1, 1, 0)
rayon
(0, 1, 1, 1, 1)
anger
(0, 1, 1, 1, 2)
range
(0, 1, 1, 2, 0)
warns
(0, 1, 1, 2, 1)
earns
(0, 1, 1, 2, 2)

(0, 1, 2, 0, 0)
dhows
(0, 1, 2, 0, 1)
dashy
(0, 1, 2, 0, 2)
apish
(0, 1, 2, 1, 0)
snarl
(0, 1, 2, 1, 1)
learn
(0, 1, 2, 1, 2)
snare
(0, 1, 2, 2, 0)

(0, 1, 2, 2, 1)

(0, 1, 2, 2, 2)

(0, 2, 0, 0, 0)
gouts
(0, 2, 0, 0, 1)
defer
(0, 2, 0, 0, 2)
bipod
(0, 2, 0, 1, 0)
defog
(0, 2, 0, 1, 1)
green
(0, 2, 0, 1, 2)

(0, 2, 0, 2, 0)
gouts
(0, 2, 0, 2, 1)
trend
(0, 2, 0, 2, 2)
drone
(0, 2, 1, 0, 0)
armor
(0, 2, 1, 0, 1)
tubed
(0, 2, 1, 0, 2)
arise
(0, 2, 1, 1, 0)
argon
(0, 2, 1, 1, 1)

(0, 2, 1, 1, 2)

(0, 2, 1, 2, 0)

(0, 2, 1, 2, 1)
arena
(0, 2, 1, 2, 2)

(0, 2, 2, 0, 0)
gifts
(0, 2, 2, 0, 1)

(0, 2, 2, 0, 2)
gyved
(0, 2, 2, 1, 0)
bight
(0, 2, 2, 1, 1)

(0, 2, 2, 1, 2)

(0, 2, 2, 2, 0)
grand
(0, 2, 2, 2, 1)

(0, 2, 2, 2, 2)

(1, 0, 0, 0, 0)
lotus
(1, 0, 0, 0, 1)
beech
(1, 0, 0, 0, 2)
scope
(1, 0, 0, 1, 0)
pinch
(1, 0, 0, 1, 1)
necks
(1, 0, 0, 1, 2)
niece
(1, 0, 0, 2, 0)
icing
(1, 0, 0, 2, 1)
scent
(1, 0, 0, 2, 2)
scene
(1, 0, 1, 0, 0)
spilt
(1, 0, 1, 0, 1)
paced
(1, 0, 1, 0, 2)
acute
(1, 0, 1, 1, 0)
panic
(1, 0, 1, 1, 1)
ocean
(1, 0, 1, 1, 2)
lance
(1, 0, 1, 2, 0)

(1, 0, 1, 2, 1)

(1, 0, 1, 2, 2)

(1, 0, 2, 0, 0)
slack
(1, 0, 2, 0, 1)
peach
(1, 0, 2, 0, 2)
peace
(1, 0, 2, 1, 0)
snack
(1, 0, 2, 1, 1)

(1, 0, 2, 1, 2)

(1, 0, 2, 2, 0)

(1, 0, 2, 2, 1)

(1, 0, 2, 2, 2)

(1, 1, 0, 0, 0)
hypos
(1, 1, 0, 0, 1)
perch
(1, 1, 0, 0, 2)
score
(1, 1, 0, 1, 0)
scorn
(1, 1, 0, 1, 1)
nicer
(1, 1, 0, 1, 2)

(1, 1, 0, 2, 0)

(1, 1, 0, 2, 1)

(1, 1, 0, 2, 2)

(1, 1, 1, 0, 0)
scrap
(1, 1, 1, 0, 1)
races
(1, 1, 1, 0, 2)

(1, 1, 1, 1, 0)
ranch
(1, 1, 1, 1, 1)

(1, 1, 1, 1, 2)

(1, 1, 1, 2, 0)

(1, 1, 1, 2, 1)

(1, 1, 1, 2, 2)

(1, 1, 2, 0, 0)
scars
(1, 1, 2, 0, 1)
react
(1, 1, 2, 0, 2)
scare
(1, 1, 2, 1, 0)

(1, 1, 2, 1, 1)

(1, 1, 2, 1, 2)

(1, 1, 2, 2, 0)

(1, 1, 2, 2, 1)

(1, 1, 2, 2, 2)

(1, 2, 0, 0, 0)
brick
(1, 2, 0, 0, 1)
erect
(1, 2, 0, 0, 2)
price
(1, 2, 0, 1, 0)

(1, 2, 0, 1, 1)

(1, 2, 0, 1, 2)

(1, 2, 0, 2, 0)

(1, 2, 0, 2, 1)

(1, 2, 0, 2, 2)

(1, 2, 1, 0, 0)

(1, 2, 1, 0, 1)

(1, 2, 1, 0, 2)

(1, 2, 1, 1, 0)

(1, 2, 1, 1, 1)

(1, 2, 1, 1, 2)

(1, 2, 1, 2, 0)

(1, 2, 1, 2, 1)

(1, 2, 1, 2, 2)

(1, 2, 2, 0, 0)
tract
(1, 2, 2, 0, 1)

(1, 2, 2, 0, 2)
brace
(1, 2, 2, 1, 0)

(1, 2, 2, 1, 1)

(1, 2, 2, 1, 2)

(1, 2, 2, 2, 0)

(1, 2, 2, 2, 1)

(1, 2, 2, 2, 2)

(2, 0, 0, 0, 0)
toils
(2, 0, 0, 0, 1)
lodes
(2, 0, 0, 0, 2)
choke
(2, 0, 0, 1, 0)
colon
(2, 0, 0, 1, 1)
cones
(2, 0, 0, 1, 2)

(2, 0, 0, 2, 0)
cling
(2, 0, 0, 2, 1)

(2, 0, 0, 2, 2)

(2, 0, 1, 0, 0)
moots
(2, 0, 1, 0, 1)
gasps
(2, 0, 1, 0, 2)
caste
(2, 0, 1, 1, 0)
canon
(2, 0, 1, 1, 1)
clean
(2, 0, 1, 1, 2)
canoe
(2, 0, 1, 2, 0)
china
(2, 0, 1, 2, 1)

(2, 0, 1, 2, 2)

(2, 0, 2, 0, 0)
plash
(2, 0, 2, 0, 1)

(2, 0, 2, 0, 2)
cease
(2, 0, 2, 1, 0)
chain
(2, 0, 2, 1, 1)

(2, 0, 2, 1, 2)

(2, 0, 2, 2, 0)
chant
(2, 0, 2, 2, 1)

(2, 0, 2, 2, 2)

(2, 1, 0, 0, 0)
dulse
(2, 1, 0, 0, 1)
cores
(2, 1, 0, 0, 2)
curse
(2, 1, 0, 1, 0)
churn
(2, 1, 0, 1, 1)

(2, 1, 0, 1, 2)

(2, 1, 0, 2, 0)

(2, 1, 0, 2, 1)

(2, 1, 0, 2, 2)

(2, 1, 1, 0, 0)
taros
(2, 1, 1, 0, 1)
cedar
(2, 1, 1, 0, 2)
carve
(2, 1, 1, 1, 0)

(2, 1, 1, 1, 1)

(2, 1, 1, 1, 2)

(2, 1, 1, 2, 0)

(2, 1, 1, 2, 1)

(2, 1, 1, 2, 2)

(2, 1, 2, 0, 0)
charm
(2, 1, 2, 0, 1)

(2, 1, 2, 0, 2)

(2, 1, 2, 1, 0)

(2, 1, 2, 1, 1)

(2, 1, 2, 1, 2)

(2, 1, 2, 2, 0)

(2, 1, 2, 2, 1)

(2, 1, 2, 2, 2)

(2, 2, 0, 0, 0)
wists
(2, 2, 0, 0, 1)
pukes
(2, 2, 0, 0, 2)
crude
(2, 2, 0, 1, 0)
crown
(2, 2, 0, 1, 1)

(2, 2, 0, 1, 2)

(2, 2, 0, 2, 0)

(2, 2, 0, 2, 1)

(2, 2, 0, 2, 2)

(2, 2, 1, 0, 0)

(2, 2, 1, 0, 1)
cream
(2, 2, 1, 0, 2)

(2, 2, 1, 1, 0)

(2, 2, 1, 1, 1)

(2, 2, 1, 1, 2)

(2, 2, 1, 2, 0)

(2, 2, 1, 2, 1)

(2, 2, 1, 2, 2)

(2, 2, 2, 0, 0)
flics
(2, 2, 2, 0, 1)

(2, 2, 2, 0, 2)
crate
(2, 2, 2, 1, 0)

(2, 2, 2, 1, 1)

(2, 2, 2, 1, 2)

(2, 2, 2, 2, 0)
crank
(2, 2, 2, 2, 1)

(2, 2, 2, 2, 2)
crane
