(0, 0, 0, 0, 0)
doily
(0, 0, 0, 0, 1)
spoil
(0, 0, 0, 0, 2)
plonk
(0, 0, 0, 1, 0)
doing
(0, 0, 0, 1, 1)
slope
(0, 0, 0, 1, 2)
plein
(0, 0, 0, 2, 0)
blond
(0, 0, 0, 2, 1)
solid
(0, 0, 0, 2, 2)
plink
(0, 0, 1, 0, 0)
doing
(0, 0, 1, 0, 1)
shock
(0, 0, 1, 0, 2)
pound
(0, 0, 1, 1, 0)
deice
(0, 0, 1, 1, 1)
phone
(0, 0, 1, 1, 2)
weird
(0, 0, 1, 2, 0)
bipod
(0, 0, 1, 2, 1)
spoil
(0, 0, 1, 2, 2)
build
(0, 0, 2, 0, 0)
duchy
(0, 0, 2, 0, 1)
pubic
(0, 0, 2, 0, 2)
mould
(0, 0, 2, 1, 0)
peony
(0, 0, 2, 1, 1)
vogue
(0, 0, 2, 1, 2)
bonks
(0, 0, 2, 2, 0)
ichor
(0, 0, 2, 2, 1)
chide
(0, 0, 2, 2, 2)
comfy
(0, 1, 0, 0, 0)
cling
(0, 1, 0, 0, 1)
scalp
(0, 1, 0, 0, 2)
sonly
(0, 1, 0, 1, 0)
bland
(0, 1, 0, 1, 1)
plash
(0, 1, 0, 1, 2)
deals
(0, 1, 0, 2, 0)
blind
(0, 1, 0, 2, 1)
asked
(0, 1, 0, 2, 2)
zilch
(0, 1, 1, 0, 0)
blond
(0, 1, 1, 0, 1)
punch
(0, 1, 1, 0, 2)
grody
(0, 1, 1, 1, 0)
beard
(0, 1, 1, 1, 1)
swash
(0, 1, 1, 1, 2)
sharp
(0, 1, 1, 2, 0)
limed
(0, 1, 1, 2, 1)
asker
(0, 1, 1, 2, 2)
arses
(0, 1, 2, 0, 0)
mould
(0, 1, 2, 0, 1)
scram
(0, 1, 2, 0, 2)
auras
(0, 1, 2, 1, 0)
feral
(0, 1, 2, 1, 1)
versa
(0, 1, 2, 1, 2)

(0, 1, 2, 2, 0)
airer
(0, 1, 2, 2, 1)

(0, 1, 2, 2, 2)
acres
(0, 2, 0, 0, 0)
pylon
(0, 2, 0, 0, 1)
lossy
(0, 2, 0, 0, 2)
blink
(0, 2, 0, 1, 0)
gulch
(0, 2, 0, 1, 1)
sumps
(0, 2, 0, 1, 2)

(0, 2, 0, 2, 0)
lynch
(0, 2, 0, 2, 1)
easel
(0, 2, 0, 2, 2)
clomp
(0, 2, 1, 0, 0)
blind
(0, 2, 1, 0, 1)
sabra
(0, 2, 1, 0, 2)
plink
(0, 2, 1, 1, 0)
cadre
(0, 2, 1, 1, 1)
rasae
(0, 2, 1, 1, 2)

(0, 2, 1, 2, 0)
glyph
(0, 2, 1, 2, 1)
bilgy
(0, 2, 1, 2, 2)
pocky
(0, 2, 2, 0, 0)
chomp
(0, 2, 2, 0, 1)
marsh
(0, 2, 2, 0, 2)
blind
(0, 2, 2, 1, 0)
marge
(0, 2, 2, 1, 1)
parse
(0, 2, 2, 1, 2)
earls
(0, 2, 2, 2, 0)
doper
(0, 2, 2, 2, 1)

(0, 2, 2, 2, 2)
bumph
(1, 0, 0, 0, 0)
litho
(1, 0, 0, 0, 1)
hoist
(1, 0, 0, 0, 2)
solum
(1, 0, 0, 1, 0)
child
(1, 0, 0, 1, 1)
pilot
(1, 0, 0, 1, 2)
wests
(1, 0, 0, 2, 0)
mould
(1, 0, 0, 2, 1)
spilt
(1, 0, 0, 2, 2)
limbo
(1, 0, 1, 0, 0)
fruit
(1, 0, 1, 0, 1)
roust
(1, 0, 1, 0, 2)
routs
(1, 0, 1, 1, 0)
court
(1, 0, 1, 1, 1)
prest
(1, 0, 1, 1, 2)
rents
(1, 0, 1, 2, 0)
until
(1, 0, 1, 2, 1)
ester
(1, 0, 1, 2, 2)
rites
(1, 0, 2, 0, 0)
firth
(1, 0, 2, 0, 1)
wurst
(1, 0, 2, 0, 2)
wimpy
(1, 0, 2, 1, 0)
hertz
(1, 0, 2, 1, 1)
verst
(1, 0, 2, 1, 2)
nerts
(1, 0, 2, 2, 0)
buret
(1, 0, 2, 2, 1)
strep
(1, 0, 2, 2, 2)

(1, 1, 0, 0, 0)
until
(1, 1, 0, 0, 1)
slant
(1, 1, 0, 0, 2)
sloth
(1, 1, 0, 1, 0)
plant
(1, 1, 0, 1, 1)
stalk
(1, 1, 0, 1, 2)
bumph
(1, 1, 0, 2, 0)
anted
(1, 1, 0, 2, 1)
asset
(1, 1, 0, 2, 2)
antes
(1, 1, 1, 0, 0)
argot
(1, 1, 1, 0, 1)
swart
(1, 1, 1, 0, 2)
prats
(1, 1, 1, 1, 0)
crept
(1, 1, 1, 1, 1)
stare
(1, 1, 1, 1, 2)

(1, 1, 1, 2, 0)
alter
(1, 1, 1, 2, 1)
aster
(1, 1, 1, 2, 2)

(1, 1, 2, 0, 0)
atria
(1, 1, 2, 0, 1)
sprat
(1, 1, 2, 0, 2)

(1, 1, 2, 1, 0)

(1, 1, 2, 1, 1)

(1, 1, 2, 1, 2)

(1, 1, 2, 2, 0)

(1, 1, 2, 2, 1)

(1, 1, 2, 2, 2)

(1, 2, 0, 0, 0)
lynch
(1, 2, 0, 0, 1)
pithy
(1, 2, 0, 0, 2)
filch
(1, 2, 0, 1, 0)
bathe
(1, 2, 0, 1, 1)
whump
(1, 2, 0, 1, 2)
easts
(1, 2, 0, 2, 0)
delft
(1, 2, 0, 2, 1)
sated
(1, 2, 0, 2, 2)
bhang
(1, 2, 1, 0, 0)
gator
(1, 2, 1, 0, 1)
satyr
(1, 2, 1, 0, 2)
rants
(1, 2, 1, 1, 0)

(1, 2, 1, 1, 1)

(1, 2, 1, 1, 2)

(1, 2, 1, 2, 0)
rewed
(1, 2, 1, 2, 1)

(1, 2, 1, 2, 2)
rates
(1, 2, 2, 0, 0)
warty
(1, 2, 2, 0, 1)

(1, 2, 2, 0, 2)
whump
(1, 2, 2, 1, 0)
carte
(1, 2, 2, 1, 1)

(1, 2, 2, 1, 2)

(1, 2, 2, 2, 0)
caret
(1, 2, 2, 2, 1)

(1, 2, 2, 2, 2)

(2, 0, 0, 0, 0)
unity
(2, 0, 0, 0, 1)
tusky
(2, 0, 0, 0, 2)
gluon
(2, 0, 0, 1, 0)
milch
(2, 0, 0, 1, 1)
tense
(2, 0, 0, 1, 2)
month
(2, 0, 0, 2, 0)
downy
(2, 0, 0, 2, 1)

(2, 0, 0, 2, 2)
pinko
(2, 0, 1, 0, 0)
mucho
(2, 0, 1, 0, 1)
tryst
(2, 0, 1, 0, 2)
primo
(2, 0, 1, 1, 0)
pinch
(2, 0, 1, 1, 1)

(2, 0, 1, 1, 2)
whisk
(2, 0, 1, 2, 0)
piton
(2, 0, 1, 2, 1)

(2, 0, 1, 2, 2)
trues
(2, 0, 2, 0, 0)
throb
(2, 0, 2, 0, 1)
torsi
(2, 0, 2, 0, 2)
fondu
(2, 0, 2, 1, 0)
torte
(2, 0, 2, 1, 1)
terse
(2, 0, 2, 1, 2)
terns
(2, 0, 2, 2, 0)
threw
(2, 0, 2, 2, 1)

(2, 0, 2, 2, 2)
tyres
(2, 1, 0, 0, 0)
windy
(2, 1, 0, 0, 1)
toast
(2, 1, 0, 0, 2)
whang
(2, 1, 0, 1, 0)
thane
(2, 1, 0, 1, 1)
tesla
(2, 1, 0, 1, 2)
teaks
(2, 1, 0, 2, 0)

(2, 1, 0, 2, 1)

(2, 1, 0, 2, 2)

(2, 1, 1, 0, 0)
licit
(2, 1, 1, 0, 1)
trash
(2, 1, 1, 0, 2)
nymph
(2, 1, 1, 1, 0)
trade
(2, 1, 1, 1, 1)

(2, 1, 1, 1, 2)
tears
(2, 1, 1, 2, 0)

(2, 1, 1, 2, 1)

(2, 1, 1, 2, 2)

(2, 1, 2, 0, 0)
torah
(2, 1, 2, 0, 1)

(2, 1, 2, 0, 2)

(2, 1, 2, 1, 0)
terra
(2, 1, 2, 1, 1)

(2, 1, 2, 1, 2)

(2, 1, 2, 2, 0)

(2, 1, 2, 2, 1)

(2, 1, 2, 2, 2)

(2, 2, 0, 0, 0)
lying
(2, 2, 0, 0, 1)
tansy
(2, 2, 0, 0, 2)
clink
(2, 2, 0, 1, 0)
taupe
(2, 2, 0, 1, 1)
taste
(2, 2, 0, 1, 2)
taels
(2, 2, 0, 2, 0)
taped
(2, 2, 0, 2, 1)

(2, 2, 0, 2, 2)
kelpy
(2, 2, 1, 0, 0)
tabor
(2, 2, 1, 0, 1)

(2, 2, 1, 0, 2)

(2, 2, 1, 1, 0)

(2, 2, 1, 1, 1)

(2, 2, 1, 1, 2)

(2, 2, 1, 2, 0)
mixup
(2, 2, 1, 2, 1)

(2, 2, 1, 2, 2)

(2, 2, 2, 0, 0)
tardy
(2, 2, 2, 0, 1)

(2, 2, 2, 0, 2)
pengo
(2, 2, 2, 1, 0)

(2, 2, 2, 1, 1)

(2, 2, 2, 1, 2)

(2, 2, 2, 2, 0)
tared
(2, 2, 2, 2, 1)

(2, 2, 2, 2, 2)
tares
