(0, 0, 0, 0, 0)
could
(0, 0, 0, 0, 1)
shiny
(0, 0, 0, 0, 2)
solum
(0, 0, 0, 1, 0)
being
(0, 0, 0, 1, 1)
spiel
(0, 0, 0, 1, 2)
dense
(0, 0, 0, 2, 0)
devil
(0, 0, 0, 2, 1)
sweep
(0, 0, 0, 2, 2)
sidle
(0, 0, 1, 0, 0)
round
(0, 0, 1, 0, 1)
crisp
(0, 0, 1, 0, 2)
grown
(0, 0, 1, 1, 0)
pride
(0, 0, 1, 1, 1)
spore
(0, 0, 1, 1, 2)
dress
(0, 0, 1, 2, 0)
weird
(0, 0, 1, 2, 1)
super
(0, 0, 1, 2, 2)
dipso
(0, 0, 2, 0, 0)
chore
(0, 0, 2, 0, 1)
shrub
(0, 0, 2, 0, 2)
fondu
(0, 0, 2, 1, 0)
mercy
(0, 0, 2, 1, 1)
unsew
(0, 0, 2, 1, 2)
shmoo
(0, 0, 2, 2, 0)
fiche
(0, 0, 2, 2, 1)
screw
(0, 0, 2, 2, 2)
cores
(0, 1, 0, 0, 0)
nodal
(0, 1, 0, 0, 1)
chalk
(0, 1, 0, 0, 2)
sling
(0, 1, 0, 1, 0)
blame
(0, 1, 0, 1, 1)
plash
(0, 1, 0, 1, 2)
bland
(0, 1, 0, 2, 0)
dingo
(0, 1, 0, 2, 1)
asked
(0, 1, 0, 2, 2)
asses
(0, 1, 1, 0, 0)
grind
(0, 1, 1, 0, 1)
churl
(0, 1, 1, 0, 2)
drags
(0, 1, 1, 1, 0)
bread
(0, 1, 1, 1, 1)
apish
(0, 1, 1, 1, 2)
barfy
(0, 1, 1, 2, 0)
auger
(0, 1, 1, 2, 1)

(0, 1, 1, 2, 2)

(0, 1, 2, 0, 0)
array
(0, 1, 2, 0, 1)
scrap
(0, 1, 2, 0, 2)

(0, 1, 2, 1, 0)

(0, 1, 2, 1, 1)

(0, 1, 2, 1, 2)

(0, 1, 2, 2, 0)
agree
(0, 1, 2, 2, 1)

(0, 1, 2, 2, 2)
acres
(0, 2, 0, 0, 0)
candy
(0, 2, 0, 0, 1)
nasal
(0, 2, 0, 0, 2)
slink
(0, 2, 0, 1, 0)
bugle
(0, 2, 0, 1, 1)
sauce
(0, 2, 0, 1, 2)

(0, 2, 0, 2, 0)
codon
(0, 2, 0, 2, 1)
eased
(0, 2, 0, 2, 2)
clasp
(0, 2, 1, 0, 0)
moldy
(0, 2, 1, 0, 1)

(0, 2, 1, 0, 2)
frond
(0, 2, 1, 1, 0)
range
(0, 2, 1, 1, 1)
raise
(0, 2, 1, 1, 2)

(0, 2, 1, 2, 0)
baker
(0, 2, 1, 2, 1)
safer
(0, 2, 1, 2, 2)
races
(0, 2, 2, 0, 0)
carol
(0, 2, 2, 0, 1)
marsh
(0, 2, 2, 0, 2)
wonky
(0, 2, 2, 1, 0)
barge
(0, 2, 2, 1, 1)

(0, 2, 2, 1, 2)
earns
(0, 2, 2, 2, 0)
bared
(0, 2, 2, 2, 1)

(0, 2, 2, 2, 2)
fares
(1, 0, 0, 0, 0)
light
(1, 0, 0, 0, 1)
spout
(1, 0, 0, 0, 2)
sloth
(1, 0, 0, 1, 0)
chute
(1, 0, 0, 1, 1)
tuple
(1, 0, 0, 1, 2)
sleep
(1, 0, 0, 2, 0)
motel
(1, 0, 0, 2, 1)
shlep
(1, 0, 0, 2, 2)
snook
(1, 0, 1, 0, 0)
drift
(1, 0, 1, 0, 1)
shirt
(1, 0, 1, 0, 2)
stirs
(1, 0, 1, 1, 0)
route
(1, 0, 1, 1, 1)
crest
(1, 0, 1, 1, 2)
rents
(1, 0, 1, 2, 0)
otter
(1, 0, 1, 2, 1)
steer
(1, 0, 1, 2, 2)
rites
(1, 0, 2, 0, 0)
forty
(1, 0, 2, 0, 1)
strum
(1, 0, 2, 0, 2)
forts
(1, 0, 2, 1, 0)
berth
(1, 0, 2, 1, 1)

(1, 0, 2, 1, 2)

(1, 0, 2, 2, 0)

(1, 0, 2, 2, 1)

(1, 0, 2, 2, 2)

(1, 1, 0, 0, 0)
plait
(1, 1, 0, 0, 1)
slant
(1, 1, 0, 0, 2)
goats
(1, 1, 0, 1, 0)
cheat
(1, 1, 0, 1, 1)
slate
(1, 1, 0, 1, 2)
mashy
(1, 1, 0, 2, 0)
acted
(1, 1, 0, 2, 1)
asset
(1, 1, 0, 2, 2)

(1, 1, 1, 0, 0)
actor
(1, 1, 1, 0, 1)
stark
(1, 1, 1, 0, 2)
stars
(1, 1, 1, 1, 0)
react
(1, 1, 1, 1, 1)
stare
(1, 1, 1, 1, 2)

(1, 1, 1, 2, 0)
alter
(1, 1, 1, 2, 1)

(1, 1, 1, 2, 2)

(1, 1, 2, 0, 0)

(1, 1, 2, 0, 1)
strap
(1, 1, 2, 0, 2)

(1, 1, 2, 1, 0)

(1, 1, 2, 1, 1)

(1, 1, 2, 1, 2)

(1, 1, 2, 2, 0)

(1, 1, 2, 2, 1)

(1, 1, 2, 2, 2)

(1, 2, 0, 0, 0)
habit
(1, 2, 0, 0, 1)
hasty
(1, 2, 0, 0, 2)
psych
(1, 2, 0, 1, 0)
bathe
(1, 2, 0, 1, 1)
caste
(1, 2, 0, 1, 2)

(1, 2, 0, 2, 0)
dated
(1, 2, 0, 2, 1)

(1, 2, 0, 2, 2)
mates
(1, 2, 1, 0, 0)
ratio
(1, 2, 1, 0, 1)

(1, 2, 1, 0, 2)
rafts
(1, 2, 1, 1, 0)

(1, 2, 1, 1, 1)

(1, 2, 1, 1, 2)

(1, 2, 1, 2, 0)
eater
(1, 2, 1, 2, 1)

(1, 2, 1, 2, 2)
rates
(1, 2, 2, 0, 0)
party
(1, 2, 2, 0, 1)

(1, 2, 2, 0, 2)
darts
(1, 2, 2, 1, 0)
earth
(1, 2, 2, 1, 1)

(1, 2, 2, 1, 2)

(1, 2, 2, 2, 0)

(1, 2, 2, 2, 1)

(1, 2, 2, 2, 2)

(2, 0, 0, 0, 0)
thing
(2, 0, 0, 0, 1)
twist
(2, 0, 0, 0, 2)
ikons
(2, 0, 0, 1, 0)
thine
(2, 0, 0, 1, 1)
tense
(2, 0, 0, 1, 2)
tents
(2, 0, 0, 2, 0)
monad
(2, 0, 0, 2, 1)

(2, 0, 0, 2, 2)
mungy
(2, 0, 1, 0, 0)
munch
(2, 0, 1, 0, 1)
trust
(2, 0, 1, 0, 2)
trips
(2, 0, 1, 1, 0)
tenor
(2, 0, 1, 1, 1)

(2, 0, 1, 1, 2)

(2, 0, 1, 2, 0)
tiger
(2, 0, 1, 2, 1)

(2, 0, 1, 2, 2)
tries
(2, 0, 2, 0, 0)
torch
(2, 0, 2, 0, 1)

(2, 0, 2, 0, 2)
turns
(2, 0, 2, 1, 0)

(2, 0, 2, 1, 1)

(2, 0, 2, 1, 2)
terms
(2, 0, 2, 2, 0)
threw
(2, 0, 2, 2, 1)

(2, 0, 2, 2, 2)
tires
(2, 1, 0, 0, 0)
tonal
(2, 1, 0, 0, 1)
toast
(2, 1, 0, 0, 2)
toads
(2, 1, 0, 1, 0)
teach
(2, 1, 0, 1, 1)
tease
(2, 1, 0, 1, 2)
teams
(2, 1, 0, 2, 0)

(2, 1, 0, 2, 1)

(2, 1, 0, 2, 2)

(2, 1, 1, 0, 0)
licit
(2, 1, 1, 0, 1)
trash
(2, 1, 1, 0, 2)
trays
(2, 1, 1, 1, 0)
tread
(2, 1, 1, 1, 1)

(2, 1, 1, 1, 2)
tears
(2, 1, 1, 2, 0)

(2, 1, 1, 2, 1)

(2, 1, 1, 2, 2)

(2, 1, 2, 0, 0)

(2, 1, 2, 0, 1)

(2, 1, 2, 0, 2)

(2, 1, 2, 1, 0)

(2, 1, 2, 1, 1)

(2, 1, 2, 1, 2)

(2, 1, 2, 2, 0)

(2, 1, 2, 2, 1)

(2, 1, 2, 2, 2)

(2, 2, 0, 0, 0)
tally
(2, 2, 0, 0, 1)
tasty
(2, 2, 0, 0, 2)
tails
(2, 2, 0, 1, 0)
table
(2, 2, 0, 1, 1)
taste
(2, 2, 0, 1, 2)

(2, 2, 0, 2, 0)
taxed
(2, 2, 0, 2, 1)

(2, 2, 0, 2, 2)
tapes
(2, 2, 1, 0, 0)

(2, 2, 1, 0, 1)

(2, 2, 1, 0, 2)

(2, 2, 1, 1, 0)

(2, 2, 1, 1, 1)

(2, 2, 1, 1, 2)

(2, 2, 1, 2, 0)
taper
(2, 2, 1, 2, 1)

(2, 2, 1, 2, 2)

(2, 2, 2, 0, 0)

(2, 2, 2, 0, 1)

(2, 2, 2, 0, 2)

(2, 2, 2, 1, 0)

(2, 2, 2, 1, 1)

(2, 2, 2, 1, 2)

(2, 2, 2, 2, 0)

(2, 2, 2, 2, 1)

(2, 2, 2, 2, 2)

