(0, 0, 0, 0, 0)
could
(0, 0, 0, 0, 1)
spiny
(0, 0, 0, 0, 2)
plonk
(0, 0, 0, 1, 0)
lingo
(0, 0, 0, 1, 1)
spoil
(0, 0, 0, 1, 2)
sleds
(0, 0, 0, 2, 0)
vinyl
(0, 0, 0, 2, 1)
sweep
(0, 0, 0, 2, 2)
limbo
(0, 0, 1, 0, 0)
grind
(0, 0, 1, 0, 1)
crisp
(0, 0, 1, 0, 2)
dough
(0, 0, 1, 1, 0)
pride
(0, 0, 1, 1, 1)
punch
(0, 0, 1, 1, 2)
weird
(0, 0, 1, 2, 0)
fluid
(0, 0, 1, 2, 1)
super
(0, 0, 1, 2, 2)
bipod
(0, 0, 2, 0, 0)
folic
(0, 0, 2, 0, 1)
shrub
(0, 0, 2, 0, 2)
flock
(0, 0, 2, 1, 0)
comfy
(0, 0, 2, 1, 1)
serum
(0, 0, 2, 1, 2)
bhang
(0, 0, 2, 2, 0)
chiff
(0, 0, 2, 2, 1)
screw
(0, 0, 2, 2, 2)
cores
(0, 1, 0, 0, 0)
plonk
(0, 1, 0, 0, 1)
chalk
(0, 1, 0, 0, 2)
scops
(0, 1, 0, 1, 0)
plane
(0, 1, 0, 1, 1)
plash
(0, 1, 0, 1, 2)
bland
(0, 1, 0, 2, 0)
dildo
(0, 1, 0, 2, 1)
asked
(0, 1, 0, 2, 2)
asses
(0, 1, 1, 0, 0)
grand
(0, 1, 1, 0, 1)
chomp
(0, 1, 1, 0, 2)
grass
(0, 1, 1, 1, 0)
beard
(0, 1, 1, 1, 1)
plash
(0, 1, 1, 1, 2)
wedgy
(0, 1, 1, 2, 0)
auger
(0, 1, 1, 2, 1)

(0, 1, 1, 2, 2)

(0, 1, 2, 0, 0)
array
(0, 1, 2, 0, 1)
scrap
(0, 1, 2, 0, 2)

(0, 1, 2, 1, 0)

(0, 1, 2, 1, 1)

(0, 1, 2, 1, 2)

(0, 1, 2, 2, 0)
agree
(0, 1, 2, 2, 1)

(0, 1, 2, 2, 2)
acres
(0, 2, 0, 0, 0)
dingo
(0, 2, 0, 0, 1)
nasal
(0, 2, 0, 0, 2)
blink
(0, 2, 0, 1, 0)
gulch
(0, 2, 0, 1, 1)
sauce
(0, 2, 0, 1, 2)

(0, 2, 0, 2, 0)
clown
(0, 2, 0, 2, 1)
eased
(0, 2, 0, 2, 2)
socks
(0, 2, 1, 0, 0)
rayon
(0, 2, 1, 0, 1)

(0, 2, 1, 0, 2)
fairs
(0, 2, 1, 1, 0)
range
(0, 2, 1, 1, 1)
raise
(0, 2, 1, 1, 2)

(0, 2, 1, 2, 0)
baker
(0, 2, 1, 2, 1)
safer
(0, 2, 1, 2, 2)
races
(0, 2, 2, 0, 0)
carol
(0, 2, 2, 0, 1)
marsh
(0, 2, 2, 0, 2)
wonky
(0, 2, 2, 1, 0)
barge
(0, 2, 2, 1, 1)

(0, 2, 2, 1, 2)
earns
(0, 2, 2, 2, 0)
bared
(0, 2, 2, 2, 1)

(0, 2, 2, 2, 2)
fares
(1, 0, 0, 0, 0)
month
(1, 0, 0, 0, 1)
dicot
(1, 0, 0, 0, 2)
slosh
(1, 0, 0, 1, 0)
cupid
(1, 0, 0, 1, 1)
spoil
(1, 0, 0, 1, 2)
blimp
(1, 0, 0, 2, 0)
mound
(1, 0, 0, 2, 1)
aleph
(1, 0, 0, 2, 2)
snook
(1, 0, 1, 0, 0)
fruit
(1, 0, 1, 0, 1)
hoist
(1, 0, 1, 0, 2)
stirs
(1, 0, 1, 1, 0)
count
(1, 0, 1, 1, 1)
crest
(1, 0, 1, 1, 2)
rents
(1, 0, 1, 2, 0)
otter
(1, 0, 1, 2, 1)
steer
(1, 0, 1, 2, 2)
rites
(1, 0, 2, 0, 0)
forty
(1, 0, 2, 0, 1)
strum
(1, 0, 2, 0, 2)
forts
(1, 0, 2, 1, 0)
berth
(1, 0, 2, 1, 1)

(1, 0, 2, 1, 2)

(1, 0, 2, 2, 0)

(1, 0, 2, 2, 1)

(1, 0, 2, 2, 2)

(1, 1, 0, 0, 0)
plait
(1, 1, 0, 0, 1)
slant
(1, 1, 0, 0, 2)
goats
(1, 1, 0, 1, 0)
meant
(1, 1, 0, 1, 1)
flake
(1, 1, 0, 1, 2)
shmoo
(1, 1, 0, 2, 0)
acted
(1, 1, 0, 2, 1)
asset
(1, 1, 0, 2, 2)

(1, 1, 1, 0, 0)
craft
(1, 1, 1, 0, 1)
stark
(1, 1, 1, 0, 2)
stars
(1, 1, 1, 1, 0)
alert
(1, 1, 1, 1, 1)
stare
(1, 1, 1, 1, 2)

(1, 1, 1, 2, 0)
alter
(1, 1, 1, 2, 1)

(1, 1, 1, 2, 2)

(1, 1, 2, 0, 0)

(1, 1, 2, 0, 1)
strap
(1, 1, 2, 0, 2)

(1, 1, 2, 1, 0)

(1, 1, 2, 1, 1)

(1, 1, 2, 1, 2)

(1, 1, 2, 2, 0)

(1, 1, 2, 2, 1)

(1, 1, 2, 2, 2)

(1, 2, 0, 0, 0)
hilum
(1, 2, 0, 0, 1)
satin
(1, 2, 0, 0, 2)
chimp
(1, 2, 0, 1, 0)
bathe
(1, 2, 0, 1, 1)
whump
(1, 2, 0, 1, 2)

(1, 2, 0, 2, 0)
dated
(1, 2, 0, 2, 1)

(1, 2, 0, 2, 2)
degum
(1, 2, 1, 0, 0)
ratio
(1, 2, 1, 0, 1)

(1, 2, 1, 0, 2)
rafts
(1, 2, 1, 1, 0)

(1, 2, 1, 1, 1)

(1, 2, 1, 1, 2)

(1, 2, 1, 2, 0)
eater
(1, 2, 1, 2, 1)

(1, 2, 1, 2, 2)
rates
(1, 2, 2, 0, 0)
party
(1, 2, 2, 0, 1)

(1, 2, 2, 0, 2)
darts
(1, 2, 2, 1, 0)
earth
(1, 2, 2, 1, 1)

(1, 2, 2, 1, 2)

(1, 2, 2, 2, 0)

(1, 2, 2, 2, 1)

(1, 2, 2, 2, 2)

(2, 0, 0, 0, 0)
cuing
(2, 0, 0, 0, 1)
twist
(2, 0, 0, 0, 2)
login
(2, 0, 0, 1, 0)
thine
(2, 0, 0, 1, 1)
tense
(2, 0, 0, 1, 2)
tents
(2, 0, 0, 2, 0)
noddy
(2, 0, 0, 2, 1)

(2, 0, 0, 2, 2)
mungy
(2, 0, 1, 0, 0)
trunk
(2, 0, 1, 0, 1)
trust
(2, 0, 1, 0, 2)
trips
(2, 0, 1, 1, 0)
tribe
(2, 0, 1, 1, 1)

(2, 0, 1, 1, 2)

(2, 0, 1, 2, 0)
tiger
(2, 0, 1, 2, 1)

(2, 0, 1, 2, 2)
tries
(2, 0, 2, 0, 0)
torch
(2, 0, 2, 0, 1)

(2, 0, 2, 0, 2)
turns
(2, 0, 2, 1, 0)

(2, 0, 2, 1, 1)

(2, 0, 2, 1, 2)
terms
(2, 0, 2, 2, 0)
threw
(2, 0, 2, 2, 1)

(2, 0, 2, 2, 2)
tires
(2, 1, 0, 0, 0)
tonal
(2, 1, 0, 0, 1)
toast
(2, 1, 0, 0, 2)
toads
(2, 1, 0, 1, 0)
teach
(2, 1, 0, 1, 1)
tease
(2, 1, 0, 1, 2)
teams
(2, 1, 0, 2, 0)

(2, 1, 0, 2, 1)

(2, 1, 0, 2, 2)

(2, 1, 1, 0, 0)
plink
(2, 1, 1, 0, 1)
trash
(2, 1, 1, 0, 2)
trays
(2, 1, 1, 1, 0)
tread
(2, 1, 1, 1, 1)

(2, 1, 1, 1, 2)
tears
(2, 1, 1, 2, 0)

(2, 1, 1, 2, 1)

(2, 1, 1, 2, 2)

(2, 1, 2, 0, 0)

(2, 1, 2, 0, 1)

(2, 1, 2, 0, 2)

(2, 1, 2, 1, 0)

(2, 1, 2, 1, 1)

(2, 1, 2, 1, 2)

(2, 1, 2, 2, 0)

(2, 1, 2, 2, 1)

(2, 1, 2, 2, 2)

(2, 2, 0, 0, 0)
tally
(2, 2, 0, 0, 1)
tasty
(2, 2, 0, 0, 2)
clunk
(2, 2, 0, 1, 0)
table
(2, 2, 0, 1, 1)
taste
(2, 2, 0, 1, 2)

(2, 2, 0, 2, 0)
taxed
(2, 2, 0, 2, 1)

(2, 2, 0, 2, 2)
kelpy
(2, 2, 1, 0, 0)

(2, 2, 1, 0, 1)

(2, 2, 1, 0, 2)

(2, 2, 1, 1, 0)

(2, 2, 1, 1, 1)

(2, 2, 1, 1, 2)

(2, 2, 1, 2, 0)
taper
(2, 2, 1, 2, 1)

(2, 2, 1, 2, 2)

(2, 2, 2, 0, 0)

(2, 2, 2, 0, 1)

(2, 2, 2, 0, 2)

(2, 2, 2, 1, 0)

(2, 2, 2, 1, 1)

(2, 2, 2, 1, 2)

(2, 2, 2, 2, 0)

(2, 2, 2, 2, 1)

(2, 2, 2, 2, 2)

