(0, 0, 0, 0, 0)
mulch
(0, 0, 0, 0, 1)
betel
(0, 0, 0, 0, 2)
could
(0, 0, 0, 1, 0)
thunk
(0, 0, 0, 1, 1)
spelt
(0, 0, 0, 1, 2)
knots
(0, 0, 0, 2, 0)
floss
(0, 0, 0, 2, 1)
goeth
(0, 0, 0, 2, 2)
cloth
(0, 0, 1, 0, 0)
pilot
(0, 0, 1, 0, 1)
lined
(0, 0, 1, 0, 2)
lingo
(0, 0, 1, 1, 0)
shout
(0, 0, 1, 1, 1)
islet
(0, 0, 1, 1, 2)
singe
(0, 0, 1, 2, 0)
stogy
(0, 0, 1, 2, 1)

(0, 0, 1, 2, 2)

(0, 0, 2, 0, 0)
blunt
(0, 0, 2, 0, 1)
feted
(0, 0, 2, 0, 2)
cloth
(0, 0, 2, 1, 0)
knelt
(0, 0, 2, 1, 1)
spiel
(0, 0, 2, 1, 2)
plunk
(0, 0, 2, 2, 0)
thyme
(0, 0, 2, 2, 1)
heist
(0, 0, 2, 2, 2)
poise
(0, 1, 0, 0, 0)
clout
(0, 1, 0, 0, 1)
cleat
(0, 1, 0, 0, 2)
plant
(0, 1, 0, 1, 0)
stalk
(0, 1, 0, 1, 1)
knelt
(0, 1, 0, 1, 2)
klutz
(0, 1, 0, 2, 0)
slash
(0, 1, 0, 2, 1)
fatly
(0, 1, 0, 2, 2)
butch
(0, 1, 1, 0, 0)
until
(0, 1, 1, 0, 1)
email
(0, 1, 1, 0, 2)
inane
(0, 1, 1, 1, 0)
stain
(0, 1, 1, 1, 1)
sepia
(0, 1, 1, 1, 2)
aisle
(0, 1, 1, 2, 0)
quasi
(0, 1, 1, 2, 1)

(0, 1, 1, 2, 2)

(0, 1, 2, 0, 0)
clone
(0, 1, 2, 0, 1)
alien
(0, 1, 2, 0, 2)
alkyd
(0, 1, 2, 1, 0)

(0, 1, 2, 1, 1)

(0, 1, 2, 1, 2)
aside
(0, 1, 2, 2, 0)
amiss
(0, 1, 2, 2, 1)

(0, 1, 2, 2, 2)

(0, 2, 0, 0, 0)
count
(0, 2, 0, 0, 1)
notch
(0, 2, 0, 0, 2)
gulch
(0, 2, 0, 1, 0)
sonly
(0, 2, 0, 1, 1)
easel
(0, 2, 0, 1, 2)
butch
(0, 2, 0, 2, 0)
sluts
(0, 2, 0, 2, 1)

(0, 2, 0, 2, 2)
pupal
(0, 2, 1, 0, 0)
panic
(0, 2, 1, 0, 1)

(0, 2, 1, 0, 2)

(0, 2, 1, 1, 0)
cants
(0, 2, 1, 1, 1)

(0, 2, 1, 1, 2)

(0, 2, 1, 2, 0)

(0, 2, 1, 2, 1)

(0, 2, 1, 2, 2)

(0, 2, 2, 0, 0)
taint
(0, 2, 2, 0, 1)

(0, 2, 2, 0, 2)
waive
(0, 2, 2, 1, 0)
saint
(0, 2, 2, 1, 1)

(0, 2, 2, 1, 2)

(0, 2, 2, 2, 0)
daisy
(0, 2, 2, 2, 1)

(0, 2, 2, 2, 2)

(1, 0, 0, 0, 0)
count
(1, 0, 0, 0, 1)
deter
(1, 0, 0, 0, 2)
prong
(1, 0, 0, 1, 0)
short
(1, 0, 0, 1, 1)
sheep
(1, 0, 0, 1, 2)
pouch
(1, 0, 0, 2, 0)
cruft
(1, 0, 0, 2, 1)
chops
(1, 0, 0, 2, 2)
couth
(1, 0, 1, 0, 0)
grout
(1, 0, 1, 0, 1)
lined
(1, 0, 1, 0, 2)
fibre
(1, 0, 1, 1, 0)
sprig
(1, 0, 1, 1, 1)
miser
(1, 0, 1, 1, 2)

(1, 0, 1, 2, 0)
first
(1, 0, 1, 2, 1)

(1, 0, 1, 2, 2)

(1, 0, 2, 0, 0)
crypt
(1, 0, 2, 0, 1)
ftped
(1, 0, 2, 0, 2)
tempt
(1, 0, 2, 1, 0)
shirk
(1, 0, 2, 1, 1)
skier
(1, 0, 2, 1, 2)
shire
(1, 0, 2, 2, 0)
pffft
(1, 0, 2, 2, 1)

(1, 0, 2, 2, 2)

(1, 1, 0, 0, 0)
crowd
(1, 1, 0, 0, 1)
bleat
(1, 1, 0, 0, 2)
grace
(1, 1, 0, 1, 0)
strap
(1, 1, 0, 1, 1)
hempy
(1, 1, 0, 1, 2)
tench
(1, 1, 0, 2, 0)
bight
(1, 1, 0, 2, 1)

(1, 1, 0, 2, 2)
erase
(1, 1, 1, 0, 0)
gland
(1, 1, 1, 0, 1)
aider
(1, 1, 1, 0, 2)
irate
(1, 1, 1, 1, 0)
stair
(1, 1, 1, 1, 1)

(1, 1, 1, 1, 2)

(1, 1, 1, 2, 0)

(1, 1, 1, 2, 1)

(1, 1, 1, 2, 2)

(1, 1, 2, 0, 0)
baldy
(1, 1, 2, 0, 1)

(1, 1, 2, 0, 2)
afire
(1, 1, 2, 1, 0)

(1, 1, 2, 1, 1)

(1, 1, 2, 1, 2)

(1, 1, 2, 2, 0)

(1, 1, 2, 2, 1)

(1, 1, 2, 2, 2)
arise
(1, 2, 0, 0, 0)
clomp
(1, 2, 0, 0, 1)
empty
(1, 2, 0, 0, 2)
cyber
(1, 2, 0, 1, 0)
satyr
(1, 2, 0, 1, 1)
saner
(1, 2, 0, 1, 2)

(1, 2, 0, 2, 0)
marsh
(1, 2, 0, 2, 1)

(1, 2, 0, 2, 2)
parse
(1, 2, 1, 0, 0)
nadir
(1, 2, 1, 0, 1)

(1, 2, 1, 0, 2)

(1, 2, 1, 1, 0)

(1, 2, 1, 1, 1)

(1, 2, 1, 1, 2)

(1, 2, 1, 2, 0)

(1, 2, 1, 2, 1)

(1, 2, 1, 2, 2)

(1, 2, 2, 0, 0)
dashy
(1, 2, 2, 0, 1)

(1, 2, 2, 0, 2)

(1, 2, 2, 1, 0)

(1, 2, 2, 1, 1)

(1, 2, 2, 1, 2)

(1, 2, 2, 2, 0)

(1, 2, 2, 2, 1)

(1, 2, 2, 2, 2)

(2, 0, 0, 0, 0)
odour
(2, 0, 0, 0, 1)
ruler
(2, 0, 0, 0, 2)
rogue
(2, 0, 0, 1, 0)
rusty
(2, 0, 0, 1, 1)
rebus
(2, 0, 0, 1, 2)

(2, 0, 0, 2, 0)
roost
(2, 0, 0, 2, 1)

(2, 0, 0, 2, 2)
reuse
(2, 0, 1, 0, 0)
robin
(2, 0, 1, 0, 1)
ftped
(2, 0, 1, 0, 2)
ridge
(2, 0, 1, 1, 0)
risky
(2, 0, 1, 1, 1)
riser
(2, 0, 1, 1, 2)

(2, 0, 1, 2, 0)

(2, 0, 1, 2, 1)

(2, 0, 1, 2, 2)
rinse
(2, 0, 2, 0, 0)
rhino
(2, 0, 2, 0, 1)
reign
(2, 0, 2, 0, 2)

(2, 0, 2, 1, 0)

(2, 0, 2, 1, 1)

(2, 0, 2, 1, 2)

(2, 0, 2, 2, 0)

(2, 0, 2, 2, 1)

(2, 0, 2, 2, 2)

(2, 1, 0, 0, 0)
rural
(2, 1, 0, 0, 1)
typal
(2, 1, 0, 0, 2)

(2, 1, 0, 1, 0)

(2, 1, 0, 1, 1)

(2, 1, 0, 1, 2)

(2, 1, 0, 2, 0)
roast
(2, 1, 0, 2, 1)

(2, 1, 0, 2, 2)

(2, 1, 1, 0, 0)
rival
(2, 1, 1, 0, 1)

(2, 1, 1, 0, 2)

(2, 1, 1, 1, 0)

(2, 1, 1, 1, 1)

(2, 1, 1, 1, 2)

(2, 1, 1, 2, 0)

(2, 1, 1, 2, 1)

(2, 1, 1, 2, 2)

(2, 1, 2, 0, 0)

(2, 1, 2, 0, 1)

(2, 1, 2, 0, 2)

(2, 1, 2, 1, 0)

(2, 1, 2, 1, 1)

(2, 1, 2, 1, 2)

(2, 1, 2, 2, 0)

(2, 1, 2, 2, 1)

(2, 1, 2, 2, 2)

(2, 2, 0, 0, 0)
holon
(2, 2, 0, 0, 1)
macer
(2, 2, 0, 0, 2)
range
(2, 2, 0, 1, 0)
raspy
(2, 2, 0, 1, 1)

(2, 2, 0, 1, 2)

(2, 2, 0, 2, 0)

(2, 2, 0, 2, 1)

(2, 2, 0, 2, 2)

(2, 2, 1, 0, 0)
podia
(2, 2, 1, 0, 1)

(2, 2, 1, 0, 2)

(2, 2, 1, 1, 0)

(2, 2, 1, 1, 1)

(2, 2, 1, 1, 2)

(2, 2, 1, 2, 0)

(2, 2, 1, 2, 1)

(2, 2, 1, 2, 2)

(2, 2, 2, 0, 0)
rainy
(2, 2, 2, 0, 1)

(2, 2, 2, 0, 2)

(2, 2, 2, 1, 0)

(2, 2, 2, 1, 1)

(2, 2, 2, 1, 2)

(2, 2, 2, 2, 0)

(2, 2, 2, 2, 1)

(2, 2, 2, 2, 2)
raise
