(0, 0, 0, 0, 0)
could
(0, 0, 0, 0, 1)
plink
(0, 0, 0, 0, 2)
folic
(0, 0, 0, 1, 0)
lingo
(0, 0, 0, 1, 1)
spoil
(0, 0, 0, 1, 2)
chess
(0, 0, 0, 2, 0)
blown
(0, 0, 0, 2, 1)
sheep
(0, 0, 0, 2, 2)

(0, 0, 1, 0, 0)
doing
(0, 0, 1, 0, 1)
chirp
(0, 0, 1, 0, 2)
dross
(0, 0, 1, 1, 0)
deice
(0, 0, 1, 1, 1)
phone
(0, 0, 1, 1, 2)
bicep
(0, 0, 1, 2, 0)
fluid
(0, 0, 1, 2, 1)
shown
(0, 0, 1, 2, 2)

(0, 0, 2, 0, 0)
curly
(0, 0, 2, 0, 1)
pubic
(0, 0, 2, 0, 2)
virus
(0, 0, 2, 1, 0)
pence
(0, 0, 2, 1, 1)
nurse
(0, 0, 2, 1, 2)

(0, 0, 2, 2, 0)
corer
(0, 0, 2, 2, 1)
ruche
(0, 0, 2, 2, 2)

(0, 1, 0, 0, 0)
claim
(0, 1, 0, 0, 1)
chalk
(0, 1, 0, 0, 2)
yogic
(0, 1, 0, 1, 0)
gland
(0, 1, 0, 1, 1)
plash
(0, 1, 0, 1, 2)

(0, 1, 0, 2, 0)
inbox
(0, 1, 0, 2, 1)
askew
(0, 1, 0, 2, 2)

(0, 1, 1, 0, 0)
blond
(0, 1, 1, 0, 1)
scalp
(0, 1, 1, 0, 2)
crass
(0, 1, 1, 1, 0)
beard
(0, 1, 1, 1, 1)
plash
(0, 1, 1, 1, 2)

(0, 1, 1, 2, 0)
aider
(0, 1, 1, 2, 1)

(0, 1, 1, 2, 2)

(0, 1, 2, 0, 0)
folic
(0, 1, 2, 0, 1)
scram
(0, 1, 2, 0, 2)

(0, 1, 2, 1, 0)
feral
(0, 1, 2, 1, 1)

(0, 1, 2, 1, 2)

(0, 1, 2, 2, 0)
agree
(0, 1, 2, 2, 1)

(0, 1, 2, 2, 2)

(0, 2, 0, 0, 0)
dingy
(0, 2, 0, 0, 1)
pylon
(0, 2, 0, 0, 2)
basis
(0, 2, 0, 1, 0)
gulch
(0, 2, 0, 1, 1)
spumy
(0, 2, 0, 1, 2)

(0, 2, 0, 2, 0)
lynch
(0, 2, 0, 2, 1)
easel
(0, 2, 0, 2, 2)

(0, 2, 1, 0, 0)
pylon
(0, 2, 1, 0, 1)
raspy
(0, 2, 1, 0, 2)

(0, 2, 1, 1, 0)
range
(0, 2, 1, 1, 1)
raise
(0, 2, 1, 1, 2)

(0, 2, 1, 2, 0)
pigmy
(0, 2, 1, 2, 1)
saner
(0, 2, 1, 2, 2)

(0, 2, 2, 0, 0)
lymph
(0, 2, 2, 0, 1)
marsh
(0, 2, 2, 0, 2)

(0, 2, 2, 1, 0)
cyber
(0, 2, 2, 1, 1)
parse
(0, 2, 2, 1, 2)

(0, 2, 2, 2, 0)
parer
(0, 2, 2, 2, 1)

(0, 2, 2, 2, 2)

(1, 0, 0, 0, 0)
mouth
(1, 0, 0, 0, 1)
pouch
(1, 0, 0, 0, 2)

(1, 0, 0, 1, 0)
lucid
(1, 0, 0, 1, 1)
spilt
(1, 0, 0, 1, 2)
ethos
(1, 0, 0, 2, 0)
melon
(1, 0, 0, 2, 1)
blunt
(1, 0, 0, 2, 2)

(1, 0, 1, 0, 0)
fruit
(1, 0, 1, 0, 1)
hoist
(1, 0, 1, 0, 2)

(1, 0, 1, 1, 0)
court
(1, 0, 1, 1, 1)
wrest
(1, 0, 1, 1, 2)

(1, 0, 1, 2, 0)
ether
(1, 0, 1, 2, 1)
ester
(1, 0, 1, 2, 2)

(1, 0, 2, 0, 0)
girth
(1, 0, 2, 0, 1)
ficus
(1, 0, 2, 0, 2)

(1, 0, 2, 1, 0)
forte
(1, 0, 2, 1, 1)

(1, 0, 2, 1, 2)

(1, 0, 2, 2, 0)
egret
(1, 0, 2, 2, 1)

(1, 0, 2, 2, 2)

(1, 1, 0, 0, 0)
aloud
(1, 1, 0, 0, 1)
slant
(1, 1, 0, 0, 2)

(1, 1, 0, 1, 0)
leapt
(1, 1, 0, 1, 1)
flake
(1, 1, 0, 1, 2)

(1, 1, 0, 2, 0)

(1, 1, 0, 2, 1)
asset
(1, 1, 0, 2, 2)

(1, 1, 1, 0, 0)
craft
(1, 1, 1, 0, 1)
stark
(1, 1, 1, 0, 2)

(1, 1, 1, 1, 0)
avert
(1, 1, 1, 1, 1)
stare
(1, 1, 1, 1, 2)

(1, 1, 1, 2, 0)
alter
(1, 1, 1, 2, 1)

(1, 1, 1, 2, 2)

(1, 1, 2, 0, 0)
aorta
(1, 1, 2, 0, 1)
strap
(1, 1, 2, 0, 2)

(1, 1, 2, 1, 0)

(1, 1, 2, 1, 1)

(1, 1, 2, 1, 2)

(1, 1, 2, 2, 0)

(1, 1, 2, 2, 1)

(1, 1, 2, 2, 2)

(1, 2, 0, 0, 0)
hilum
(1, 2, 0, 0, 1)
nasty
(1, 2, 0, 0, 2)

(1, 2, 0, 1, 0)
latte
(1, 2, 0, 1, 1)
whump
(1, 2, 0, 1, 2)

(1, 2, 0, 2, 0)
lycra
(1, 2, 0, 2, 1)

(1, 2, 0, 2, 2)

(1, 2, 1, 0, 0)
ratty
(1, 2, 1, 0, 1)
satyr
(1, 2, 1, 0, 2)

(1, 2, 1, 1, 0)

(1, 2, 1, 1, 1)

(1, 2, 1, 1, 2)

(1, 2, 1, 2, 0)
welch
(1, 2, 1, 2, 1)

(1, 2, 1, 2, 2)

(1, 2, 2, 0, 0)
warty
(1, 2, 2, 0, 1)

(1, 2, 2, 0, 2)

(1, 2, 2, 1, 0)
earth
(1, 2, 2, 1, 1)

(1, 2, 2, 1, 2)

(1, 2, 2, 2, 0)

(1, 2, 2, 2, 1)

(1, 2, 2, 2, 2)

(2, 0, 0, 0, 0)
cuing
(2, 0, 0, 0, 1)
tipsy
(2, 0, 0, 0, 2)

(2, 0, 0, 1, 0)
chide
(2, 0, 0, 1, 1)
tense
(2, 0, 0, 1, 2)

(2, 0, 0, 2, 0)
tweet
(2, 0, 0, 2, 1)

(2, 0, 0, 2, 2)

(2, 0, 1, 0, 0)
mucho
(2, 0, 1, 0, 1)
tryst
(2, 0, 1, 0, 2)
truss
(2, 0, 1, 1, 0)
pinch
(2, 0, 1, 1, 1)

(2, 0, 1, 1, 2)

(2, 0, 1, 2, 0)
primo
(2, 0, 1, 2, 1)

(2, 0, 1, 2, 2)

(2, 0, 2, 0, 0)
throb
(2, 0, 2, 0, 1)
torso
(2, 0, 2, 0, 2)
torus
(2, 0, 2, 1, 0)

(2, 0, 2, 1, 1)
terse
(2, 0, 2, 1, 2)

(2, 0, 2, 2, 0)
threw
(2, 0, 2, 2, 1)

(2, 0, 2, 2, 2)

(2, 1, 0, 0, 0)
login
(2, 1, 0, 0, 1)
toast
(2, 1, 0, 0, 2)

(2, 1, 0, 1, 0)
tweak
(2, 1, 0, 1, 1)
tease
(2, 1, 0, 1, 2)

(2, 1, 0, 2, 0)

(2, 1, 0, 2, 1)

(2, 1, 0, 2, 2)

(2, 1, 1, 0, 0)
licit
(2, 1, 1, 0, 1)
trash
(2, 1, 1, 0, 2)

(2, 1, 1, 1, 0)
tread
(2, 1, 1, 1, 1)

(2, 1, 1, 1, 2)

(2, 1, 1, 2, 0)

(2, 1, 1, 2, 1)

(2, 1, 1, 2, 2)

(2, 1, 2, 0, 0)

(2, 1, 2, 0, 1)

(2, 1, 2, 0, 2)

(2, 1, 2, 1, 0)
terra
(2, 1, 2, 1, 1)

(2, 1, 2, 1, 2)

(2, 1, 2, 2, 0)

(2, 1, 2, 2, 1)

(2, 1, 2, 2, 2)

(2, 2, 0, 0, 0)
linty
(2, 2, 0, 0, 1)
tasty
(2, 2, 0, 0, 2)

(2, 2, 0, 1, 0)
table
(2, 2, 0, 1, 1)
taste
(2, 2, 0, 1, 2)

(2, 2, 0, 2, 0)
taken
(2, 2, 0, 2, 1)

(2, 2, 0, 2, 2)

(2, 2, 1, 0, 0)
tapir
(2, 2, 1, 0, 1)

(2, 2, 1, 0, 2)

(2, 2, 1, 1, 0)

(2, 2, 1, 1, 1)

(2, 2, 1, 1, 2)

(2, 2, 1, 2, 0)
taker
(2, 2, 1, 2, 1)

(2, 2, 1, 2, 2)

(2, 2, 2, 0, 0)
tarot
(2, 2, 2, 0, 1)

(2, 2, 2, 0, 2)

(2, 2, 2, 1, 0)

(2, 2, 2, 1, 1)

(2, 2, 2, 1, 2)

(2, 2, 2, 2, 0)

(2, 2, 2, 2, 1)

(2, 2, 2, 2, 2)

